ID,EPC,PC,Count,RSSI,RISS,,EPC
1,E2804C60200071D9A10609F9,34 00,10,-57,908.5,,
2,E2804C60200061C9A10609F9,34 00,7,-59,907,,
3,E2804C60200071B9A10609F9,34 00,8,-57,926,,
4,E2804C60200061A9A10609F9,34 00,60,-61,913,,
5,E2804C6020006199A10609F9,34 00,4,-55,908,,
6,E2804C6020007189A10609F9,34 00,16,-55,925.5,,
7,E2804C6020007179A10609F9,34 00,14,-55,916.5,,
8,E2804C6020006169A10609F9,34 00,9,-57,917,,
9,E2804C6020006159A10609F9,34 00,5,-44,911,,
10,E2804C6020007149A10609F9,34 00,9,-55,907,,
11,E2804C6020006139A10609F9,34 00,8,-54,924,,
12,E2804C6020007129A10609F9,34 00,7,-52,915,,
13,E2804C6020007119A10609F9,34 00,198,-57,911.5,,
14,E2804C6020006109A10609F9,34 00,9,-58,903.5,,
15,E2804C60200065E9A0FE09F9,34 00,24,-61,903,,
16,E2804C60200065D9A0FE09F9,34 00,6,-59,919.5,,
17,E2804C60200075C9A0FE09F9,34 00,6,-47,908,,
18,E2804C60200065B9A0FE09F9,34 00,8,-58,903.5,,
19,E2804C60200075A9A0FE09F9,34 00,3,-51,917,,
20,E2804C6020007599A0FE09F9,34 00,4,-54,902.5,,
21,E2804C6020006589A0FE09F9,34 00,9,-58,904.5,,
22,E2804C6020006579A0FE09F9,34 00,6,-55,927.5,,
23,E2804C6020007569A0FE09F9,34 00,39,-49,925,,
24,E2804C6020007559A0FE09F9,34 00,7,-60,907,,
25,E2804C6020006549A0FE09F9,34 00,8,-54,907.5,,
26,E2804C6020007539A0FE09F9,34 00,124,-53,913.5,,
27,E2804C6020006529A0FE09F9,34 00,7,-46,925.5,,
28,E2804C6020006519A0FE09F9,34 00,10,-53,903,,
29,E2804C6020007509A0FE09F9,34 00,20,-46,902.5,,
30,E2804C60200063F9A0FA09F9,34 00,11,-47,927,,
31,E2804C60200073E9A0FA09F9,34 00,41,-54,916.5,,
32,E2804C60200073D9A0FA09F9,34 00,108,-49,919.5,,
33,E2804C60200063C9A0FA09F9,34 00,33,-49,904.5,,
34,E2804C60200073B9A0FA09F9,34 00,14,-52,907,,
35,E2804C60200063A9A0FA09F9,34 00,27,-52,922.5,,
36,E2804C6020006399A0FA09F9,34 00,91,-57,925,,
37,E2804C6020007389A0FA09F9,34 00,24,-50,915.5,,
38,E2804C6020007379A0FA09F9,34 00,13,-58,924.5,,
39,E2804C6020006369A0FA09F9,34 00,4,-59,917,,
40,E2804C6020006359A0FA09F9,34 00,15,-57,906.5,,
41,E2804C6020007349A0FA09F9,34 00,3,-52,921,,
42,E2804C6020006339A0FA09F9,34 00,2,-47,917,,
43,E2804C6020007329A0FA09F9,34 00,2,-50,910,,
44,E2804C6020007319A0FA09F9,34 00,3,-47,902.5,,
45,E2804C6020006309A0FA09F9,34 00,4,-53,903.5,,
46,E2804C60200061F9A0F809F9,34 00,3,-48,923.5,,
47,E2804C60200071E9A0F809F9,34 00,4,-56,922.5,,
48,E2804C60200071D9A0F809F9,34 00,5,-49,915,,
39,E2804C60200061C9A0F809F9,34 00,6,-55,908.5,,
50,E2804C60200071B9A0F809F9,34 00,3,-48,928,,
51,E2804C60200061A9A0F809F9,34 00,4,-56,904.5,,
52,E2804C6020006199A0F809F9,34 00,3,-54,904.5,,
53,E2804C6020007189A0F809F9,34 00,4,-56,922.5,,
54,E2804C6020007179A0F809F9,34 00,4,-53,918.5,,
55,E2804C6020006169A0F809F9,34 00,4,-57,911.5,,
56,E2804C6020006159A0F809F9,34 00,4,-45,927,,
57,E2804C6020007149A0F809F9,34 00,3,-56,919,,
58,E2804C6020006139A0F809F9,34 00,3,-55,914.5,,
59,E2804C6020007129A0F809F9,34 00,2,-48,904,,
60,E2804C6020007119A0F809F9,34 00,3,-50,928,,
61,E2804C6020006109A0F809F9,34 00,5,-49,906.5,,
62,E2804C60200075E9A0F009F9,34 00,5,-51,924,,
63,E2804C60200075D9A0F009F9,34 00,4,-54,922,,
64,E2804C60200065C9A0F009F9,34 00,5,-53,920,,
65,E2804C60200075B9A0F009F9,34 00,4,-49,916,,
66,E2804C60200065A9A0F009F9,34 00,6,-56,922.5,,
67,E2804C6020006599A0F009F9,34 00,3,-48,925.5,,
68,E2804C6020007589A0F009F9,34 00,2,-49,925,,
69,E2804C6020007579A0F009F9,34 00,4,-43,922,,
70,E2804C6020006569A0F009F9,34 00,10,-51,922.5,,
71,E2804C6020006559A0F009F9,34 00,3,-47,913.5,,
72,E2804C6020007549A0F009F9,34 00,7,-39,910.5,,
73,E2804C6020006539A0F009F9,34 00,4,-53,923.5,,
74,E2804C6020007529A0F009F9,34 00,3,-49,913,,
75,E2804C6020007519A0F009F9,34 00,4,-45,902.5,,
76,E2804C6020006509A0F009F9,34 00,3,-49,919,,
77,E2804C60200073F9A0EC09F9,34 00,3,-53,921.5,,
78,E2804C60200063E9A0EC09F9,34 00,10,-46,921,,
79,E2804C60200063D9A0EC09F9,34 00,4,-44,912.5,,
80,E2804C60200073C9A0EC09F9,34 00,4,-49,927,,
81,E2804C60200063B9A0EC09F9,34 00,2,-49,916,,
82,E2804C60200073A9A0EC09F9,34 00,5,-39,911.5,,
83,E2804C6020007399A0EC09F9,34 00,3,-44,927,,
84,E2804C6020006389A0EC09F9,34 00,2,-40,921,,
85,E2804C6020006379A0EC09F9,34 00,4,-47,926,,
86,E2804C6020007369A0EC09F9,34 00,2,-40,904,,
87,E2804C6020007359A0EC09F9,34 00,26,-54,915.5,,
88,E2804C6020006349A0EC09F9,34 00,1,-48,915.5,,
89,E2804C6020007339A0EC09F9,34 00,3,-50,925.5,,
90,E2804C6020006329A0EC09F9,34 00,1,-45,916.5,,
91,E2804C6020006319A0EC09F9,34 00,3,-45,904,,
92,E2804C6020007309A0EC09F9,34 00,2,-48,919,,
93,E2804C60200061F9A0EA09F9,34 00,2,-43,908,,
94,E2804C60200071E9A0EA09F9,34 00,4,-47,924.5,,
95,E2804C60200071D9A0EA09F9,34 00,2,-52,919,,
96,E2804C60200061C9A0EA09F9,34 00,3,-48,911,,
97,E2804C60200071B9A0EA09F9,34 00,5,-55,913,,
98,E2804C60200061A9A0EA09F9,34 00,4,-49,922, ,
99,E2804C6020006199A0EA09F9,34 00,3,-49,918,,
100,E2804C6020007189A0EA09F9,34 00,3,-45,906,,
101,E2804C6020007179A0EA09F9,34 00,10,-57,908.5,,
102,E2804C6020006169A0EA09F9,34 00,7,-59,907,,
103,E2804C6020006159A0EA09F9,34 00,8,-57,926,,
104,E2804C6020007149A0EA09F9,34 00,60,-61,913,,
105,E2804C6020006139A0EA09F9,34 00,4,-55,908,,
106,E2804C6020007129A0EA09F9,34 00,16,-55,925.5,,
107,E2804C6020007119A0EA09F9,34 00,14,-55,916.5,,
108,E2804C6020006109A0EA09F9,34 00,9,-57,917,,
109,E2804C60200065E9A0E309F9,34 00,5,-44,911,,
110,E2804C60200065D9A0E309F9,34 00,9,-55,907,,
111,E2804C60200075C9A0E309F9,34 00,8,-54,924,,
112,E2804C60200065B9A0E309F9,34 00,7,-52,915,,
113,E2804C60200075A9A0E309F9,34 00,198,-57,911.5,,
114,E2804C6020007599A0E309F9,34 00,9,-58,903.5,,
115,E2804C6020006589A0E309F9,34 00,24,-61,903,,
116,E2804C6020006579A0E309F9,34 00,6,-59,919.5,,
117,E2804C6020007569A0E309F9,34 00,6,-47,908,,
118,E2804C6020007559A0E309F9,34 00,8,-58,903.5,,
119,E2804C6020006549A0E309F9,34 00,3,-51,917,,
120,E2804C6020007539A0E309F9,34 00,4,-54,902.5,,
121,E2804C6020006529A0E309F9,34 00,9,-58,904.5,,
122,E2804C6020006519A0E309F9,34 00,6,-55,927.5,,
123,E2804C6020007509A0E309F9,34 00,39,-49,925,,
124,E2804C60200073F9A0E009F9,34 00,7,-60,907,,
125,E2804C60200063E9A0E009F9,34 00,8,-54,907.5,,
126,E2804C60200063D9A0E009F9,34 00,124,-53,913.5,,
127,E2804C60200073C9A0E009F9,34 00,7,-46,925.5,,
128,E2804C60200063B9A0E009F9,34 00,10,-53,903,,
129,E2804C60200073A9A0E009F9,34 00,20,-46,902.5,,
130,E2804C6020007399A0E009F9,34 00,11,-47,927,,
131,E2804C6020006389A0E009F9,34 00,41,-54,916.5,,
132,E2804C6020006379A0E009F9,34 00,108,-49,919.5,,
133,E2804C6020007369A0E009F9,34 00,33,-49,904.5,,
134,E2804C6020007359A0E009F9,34 00,14,-52,907,,
135,E2804C6020006349A0E009F9,34 00,27,-52,922.5,,
136,E2804C6020007339A0E009F9,34 00,91,-57,925,,
137,E2804C6020006329A0E009F9,34 00,24,-50,915.5,,
138,E2804C6020006319A0E009F9,34 00,13,-58,924.5,,
139,E2804C6020007309A0E009F9,34 00,4,-59,917,,
140,E2804C60200071F9A0DE09F9,34 00,15,-57,906.5,,
141,E2804C60200061E9A0DE09F9,34 00,3,-52,921,,
142,E2804C60200061D9A0DE09F9,34 00,2,-47,917,,
143,E2804C60200071C9A0DE09F9,34 00,2,-50,910,,
144,E2804C60200061B9A0DE09F9,34 00,3,-47,902.5,,
145,E2804C60200071A9A0DE09F9,34 00,4,-53,903.5,,
146,E2804C6020007199A0DE09F9,34 00,3,-48,923.5,,
147,E2804C6020006189A0DE09F9,34 00,4,-56,922.5,,
148,E2804C6020006179A0DE09F9,34 00,5,-49,915,,
149,E2804C6020007169A0DE09F9,34 00,6,-55,908.5,,
150,E2804C6020007159A0DE09F9,34 00,3,-48,928,,
151,E2804C6020006149A0DE09F9,34 00,4,-56,904.5,,
152,E2804C6020007139A0DE09F9,34 00,3,-54,904.5,,
153,E2804C6020006129A0DE09F9,34 00,4,-56,922.5,,
154,E2804C6020006119A0DE09F9,34 00,4,-53,918.5,,
155,E2804C6020007109A0DE09F9,34 00,4,-57,911.5,,
156,E2804C60200075E9A0D809F9,34 00,4,-45,927,,
157,E2804C60200075D9A0D809F9,34 00,3,-56,919,,
158,E2804C60200065C9A0D809F9,34 00,3,-55,914.5,,
159,E2804C60200075B9A0D809F9,34 00,2,-48,904,,
160,E2804C60200065A9A0D809F9,34 00,3,-50,928,,
161,E2804C6020006599A0D809F9,34 00,5,-49,906.5,,
162,E2804C6020007589A0D809F9,34 00,5,-51,924,,
163,E2804C6020007579A0D809F9,34 00,4,-54,922,,
164,E2804C6020006569A0D809F9,34 00,5,-53,920,,
165,E2804C6020006559A0D809F9,34 00,4,-49,916,,
166,E2804C6020007549A0D809F9,34 00,6,-56,922.5,,
167,E2804C6020006539A0D809F9,34 00,3,-48,925.5,,
168,E2804C6020007529A0D809F9,34 00,2,-49,925,,
169,E2804C6020007519A0D809F9,34 00,4,-43,922,,
170,E2804C6020006509A0D809F9,34 00,10,-51,922.5,,
171,E2804C6020007508A0D809F9,34 00,3,-47,913.5,,
172,E2804C6020006518A0D809F9,34 00,7,-39,910.5,,
173,E2804C6020007538A0D809F9,34 00,4,-53,923.5,,
174,E2804C6020006548A0D809F9,34 00,3,-49,913,,
175,E2804C6020007558A0D809F9,34 00,4,-45,902.5,,
176,E2804C6020007568A0D809F9,34 00,3,-49,919,,
177,E2804C6020006578A0D809F9,34 00,3,-53,921.5,,
178,E2804C6020007598A0D809F9,34 00,10,-46,921,,
179,E2804C60200075A8A0D809F9,34 00,4,-44,912.5,,
180,E2804C60200065B8A0D809F9,34 00,4,-49,927,,
181,E2804C60200075C8A0D809F9,34 00,2,-49,916,,
182,E2804C60200065D8A0D809F9,34 00,5,-39,911.5,,
183,E2804C60200065E8A0D809F9,34 00,3,-44,927,,
184,E2804C6020006108A0DE09F9,34 00,2,-40,921,,
185,E2804C6020007118A0DE09F9,34 00,4,-47,926,,
186,E2804C6020007128A0DE09F9,34 00,2,-40,904,,
187,E2804C6020006138A0DE09F9,34 00,26,-54,915.5,,
188,E2804C6020007148A0DE09F9,34 00,1,-48,915.5,,
189,E2804C6020006158A0DE09F9,34 00,3,-50,925.5,,
190,E2804C6020006168A0DE09F9,34 00,1,-45,916.5,,
191,E2804C6020007178A0DE09F9,34 00,3,-45,904,,
192,E2804C6020006198A0DE09F9,34 00,2,-48,919,,
193,E2804C60200061A8A0DE09F9,34 00,2,-43,908,,
194,E2804C60200071B8A0DE09F9,34 00,4,-47,924.5,,
195,E2804C60200061C8A0DE09F9,34 00,2,-52,919,,
196,E2804C60200071D8A0DE09F9,34 00,3,-48,911,,
197,E2804C60200071E8A0DE09F9,34 00,5,-55,913,,
198,E2804C60200061F8A0DE09F9,34 00,4,-49,922,,
199,E2804C6020006308A0E009F9,34 00,3,-49,918,,
200,E2804C6020007318A0E009F9,34 00,3,-45,906,,
201,E2804C6020007328A0E009F9,34 00,10,-57,908.5,,
202,E2804C6020006338A0E009F9,34 00,7,-59,907,,
203,E2804C6020007348A0E009F9,34 00,8,-57,926,,
204,E2804C6020006358A0E009F9,34 00,60,-61,913,,
205,E2804C6020006368A0E009F9,34 00,4,-55,908,,
206,E2804C6020007378A0E009F9,34 00,16,-55,925.5,,
207,E2804C6020006398A0E009F9,34 00,14,-55,916.5,,
208,E2804C60200063A8A0E009F9,34 00,9,-57,917,,
209,E2804C60200073B8A0E009F9,34 00,5,-44,911,,
210,E2804C60200063C8A0E009F9,34 00,9,-55,907,,
211,E2804C60200073D8A0E009F9,34 00,8,-54,924,,
212,E2804C60200073E8A0E009F9,34 00,7,-52,915,,
213,E2804C60200063F8A0E009F9,34 00,198,-57,911.5,,
214,E2804C6020006508A0E309F9,34 00,9,-58,903.5,,
215,E2804C6020007518A0E309F9,34 00,24,-61,903,,
216,E2804C6020007528A0E309F9,34 00,6,-59,919.5,,
217,E2804C6020006538A0E309F9,34 00,6,-47,908,,
218,E2804C6020007548A0E309F9,34 00,8,-58,903.5,,
219,E2804C6020006558A0E309F9,34 00,3,-51,917,,
220,E2804C6020006568A0E309F9,34 00,4,-54,902.5,,
221,E2804C6020007578A0E309F9,34 00,9,-58,904.5,,
222,E2804C6020006598A0E309F9,34 00,6,-55,927.5,,
223,E2804C60200065A8A0E309F9,34 00,39,-49,925,,
224,E2804C60200075B8A0E309F9,34 00,7,-60,907,,
225,E2804C60200065C8A0E309F9,34 00,8,-54,907.5,,
226,E2804C60200075D8A0E309F9,34 00,124,-53,913.5,,
227,E2804C60200075E8A0E309F9,34 00,7,-46,925.5,,
228,E2804C6020007108A0EA09F9,34 00,10,-53,903,,
229,E2804C6020006118A0EA09F9,34 00,20,-46,902.5,,
230,E2804C6020006128A0EA09F9,34 00,11,-47,927,,
231,E2804C6020007138A0EA09F9,34 00,41,-54,916.5,,
232,E2804C6020006148A0EA09F9,34 00,108,-49,919.5,,
233,E2804C6020007158A0EA09F9,34 00,33,-49,904.5,,
234,E2804C6020007168A0EA09F9,34 00,14,-52,907,,
235,E2804C6020006178A0EA09F9,34 00,27,-52,922.5,,
236,E2804C6020007198A0EA09F9,34 00,91,-57,925,,
237,E2804C60200071A8A0EA09F9,34 00,24,-50,915.5,,
238,E2804C60200061B8A0EA09F9,34 00,13,-58,924.5,,
239,E2804C60200071C8A0EA09F9,34 00,4,-59,917,,
240,E2804C60200061D8A0EA09F9,34 00,15,-57,906.5,,
241,E2804C60200061E8A0EA09F9,34 00,3,-52,921,,
242,E2804C60200071F8A0EA09F9,34 00,2,-47,917,,
243,E2804C6020006308A0EC09F9,34 00,2,-50,910,,
244,E2804C6020007318A0EC09F9,34 00,3,-47,902.5,,
245,E2804C6020007328A0EC09F9,34 00,4,-53,903.5,,
246,E2804C6020006338A0EC09F9,34 00,3,-48,923.5,,
247,E2804C6020007348A0EC09F9,34 00,4,-56,922.5,,
248,E2804C6020006358A0EC09F9,34 00,5,-49,915,,
249,E2804C6020006368A0EC09F9,34 00,6,-55,908.5,,
250,E2804C6020007378A0EC09F9,34 00,3,-48,928,,
251,E2804C6020006398A0EC09F9,34 00,4,-56,904.5,,
252,E2804C60200063A8A0EC09F9,34 00,3,-54,904.5,,
253,E2804C60200073B8A0EC09F9,34 00,4,-56,922.5,,
254,E2804C60200063C8A0EC09F9,34 00,4,-53,918.5,,
255,E2804C60200073D8A0EC09F9,34 00,4,-57,911.5,,
256,E2804C60200073E8A0EC09F9,34 00,4,-45,927,,
257,E2804C60200063F8A0EC09F9,34 00,3,-56,919,,
258,E2804C6020007508A0F009F9,34 00,3,-55,914.5,,
259,E2804C6020006518A0F009F9,34 00,2,-48,904,,
260,E2804C6020006528A0F009F9,34 00,3,-50,928,,
261,E2804C6020007538A0F009F9,34 00,5,-49,906.5,,
262,E2804C6020006548A0F009F9,34 00,5,-51,924,,
263,E2804C6020007558A0F009F9,34 00,4,-54,922,,
264,E2804C6020007568A0F009F9,34 00,5,-53,920,,
265,E2804C6020006578A0F009F9,34 00,4,-49,916,,
266,E2804C6020007598A0F009F9,34 00,6,-56,922.5,,
267,E2804C60200075A8A0F009F9,34 00,3,-48,925.5,,
268,E2804C60200065B8A0F009F9,34 00,2,-49,925,,
269,E2804C60200075C8A0F009F9,34 00,4,-43,922,,
270,E2804C60200065D8A0F009F9,34 00,10,-51,922.5,,
271,E2804C60200065E8A0F009F9,34 00,3,-47,913.5,,
272,E2804C6020007108A0F809F9,34 00,7,-39,910.5,,
273,E2804C6020006118A0F809F9,34 00,4,-53,923.5,,
274,E2804C6020006128A0F809F9,34 00,3,-49,913,,
275,E2804C6020007138A0F809F9,34 00,4,-45,902.5,,
276,E2804C6020006148A0F809F9,34 00,3,-49,919,,
277,E2804C6020007158A0F809F9,34 00,3,-53,921.5,,
278,E2804C6020007168A0F809F9,34 00,10,-46,921,,
279,E2804C6020006178A0F809F9,34 00,4,-44,912.5,,
280,E2804C6020007198A0F809F9,34 00,4,-49,927,,
281,E2804C60200071A8A0F809F9,34 00,2,-49,916,,
282,E2804C60200061B8A0F809F9,34 00,5,-39,911.5,,
283,E2804C60200071C8A0F809F9,34 00,3,-44,927,,
284,E2804C60200061D8A0F809F9,34 00,2,-40,921,,
285,E2804C60200061E8A0F809F9,34 00,4,-47,926,,
286,E2804C60200071F8A0F809F9,34 00,2,-40,904,,
287,E2804C6020007308A0FA09F9,34 00,26,-54,915.5,,
288,E2804C6020006318A0FA09F9,34 00,1,-48,915.5,,
289,E2804C6020006328A0FA09F9,34 00,3,-50,925.5,,
290,E2804C6020007338A0FA09F9,34 00,1,-45,916.5,,
291,E2804C6020006348A0FA09F9,34 00,3,-45,904,,
292,E2804C6020007358A0FA09F9,34 00,2,-48,919,,
293,E2804C6020007368A0FA09F9,34 00,2,-43,908,,
294,E2804C6020006378A0FA09F9,34 00,4,-47,924.5,,
295,E2804C6020007398A0FA09F9,34 00,2,-52,919,,
296,E2804C60200073A8A0FA09F9,34 00,3,-48,911,,
297,E2804C60200063B8A0FA09F9,34 00,5,-55,913,,
298,E2804C60200073C8A0FA09F9,34 00,4,-49,922,,
299,E2804C60200063D8A0FA09F9,34 00,3,-49,918,,
300,E2804C60200063E8A0FA09F9,34 00,3,-45,906,,
301,E2804C60200073F8A0FA09F9,34 00,3,-45,906,,
