ID,EPC,PC,Count,RSSI,RISS,,,,
1,G2801B602000653EA0FE09F9,34 00,10,-57,908.5,,,, 
2,G2801B602000754EA0FE09F9,34 00,7,-59,907,,,,
3,G2801B602000655EA0FE09F9,34 00,8,-57,926,,,,
4,G2801B602000656EA0FE09F9,34 00,60,-61,913,,,,
5,G2801B60200075BEA0FE09F9,34 00,4,-55,908,,,,
6,G2801B60200065CEA0FE09F9,34 00,16,-55,925.5,,,,
7,G2801B60200075DEA0FE09F9,34 00,14,-55,916.5,,,,
8,G2801B60200075EEA0FE09F9,34 00,9,-57,917,,,,
9,G2801B602000710EA10609F9,34 00,5,-44,911,,,,
10,G2801B602000611EA10609F9,34 00,9,-55,907,,,,
11,G2801B602000612EA10609F9,34 00,8,-54,924,,,,
12,G2801B602000713EA10609F9,34 00,7,-52,915,,,,
13,G2801B602000614EA10609F9,34 00,198,-57,911.5,,,,
14,G2801B602000715EA10609F9,34 00,9,-58,903.5,,,,
15,G2801B602000716EA10609F9,34 00,24,-61,903,,,,
16,G2801B602000617EA10609F9,34 00,6,-59,919.5,,,,
17,G2801B602000618EA10609F9,34 00,6,-47,908,,,,
18,G2801B602000719EA10609F9,34 00,8,-58,903.5,,,,
19,G2801B60200071AEA10609F9,34 00,3,-51,917,,,,
20,G2801B60200061BEA10609F9,34 00,4,-54,902.5,,,,
21,G2801B60200071CEA10609F9,34 00,9,-58,904.5,,,,
22,G2801B60200061DEA10609F9,34 00,6,-55,927.5,,,,
23,G2801B60200061EEA10609F9,34 00,39,-49,925,,,,
24,G2801B60200071FEA10609F9,34 00,7,-60,907,,,,
25,G2801B602000630EA10909F9,34 00,8,-54,907.5,,,,
26,G2801B602000731EA10909F9,34 00,124,-53,913.5,,,,
27,G2801B602000732EA10909F9,34 00,7,-46,925.5,,,,
28,G2801B602000633EA10909F9,34 00,10,-53,903,,,,
29,G2801B602000734EA10909F9,34 00,20,-46,902.5,,,,
30,G2801B602000635EA10909F9,34 00,11,-47,927,,,,
31,G2801B602000636EA10909F9,34 00,41,-54,916.5,,,,
32,G2801B602000737EA10909F9,34 00,108,-49,919.5,,,,
33,G2801B602000738EA10909F9,34 00,33,-49,904.5,,,,
34,G2801B602000639EA10909F9,34 00,14,-52,907,,,,
35,G2801B60200063AEA10909F9,34 00,27,-52,922.5,,,,
36,G2801B60200073BEA10909F9,34 00,91,-57,925,,,,
37,G2801B60200063CEA10909F9,34 00,24,-50,915.5,,,,
38,G2801B60200073DEA10909F9,34 00,13,-58,924.5,,,,
39,G2801B60200073EEA10909F9,34 00,4,-59,917,,,,
40,G2801B60200063FEA10909F9,34 00,15,-57,906.5,,,,
41,G2801B602000750EA10D09F9,34 00,3,-52,921,,,,
42,G2801B602000651EA10D09F9,34 00,2,-47,917,,,,
43,G2801B602000652EA10D09F9,34 00,2,-50,910,,,,
44,G2801B602000753EA10D09F9,34 00,3,-47,902.5,,,,
45,G2801B602000654EA10D09F9,34 00,4,-53,903.5,,,,
46,G2801B602000755EA10D09F9,34 00,3,-48,923.5,,,,
47,G2801B602000756EA10D09F9,34 00,4,-56,922.5,,,,
48,G2801B602000657EA10D09F9,34 00,5,-49,915,,,,
39,G2801B602000658EA10D09F9,34 00,6,-55,908.5,,,,
50,G2801B602000759EA10D09F9,34 00,3,-48,928,,,,
51,G2801B60200075AEA10D09F9,34 00,4,-56,904.5,,,,
52,G2801B60200065BEA10D09F9,34 00,3,-54,904.5,,,,
53,G2801B60200075CEA10D09F9,34 00,4,-56,922.5,,,,
54,G2801B60200065DEA10D09F9,34 00,4,-53,918.5,,,,
55,G2801B60200065EEA10D09F9,34 00,4,-57,911.5,,,,
56,G2801B602000610EA11509F9,34 00,4,-45,927,,,,
57,G2801B602000711EA11509F9,34 00,3,-56,919,,,,
58,G2801B602000712EA11509F9,34 00,3,-55,914.5,,,,
59,G2801B602000613EA11509F9,34 00,2,-48,904,,,,
60,G2801B602000714EA11509F9,34 00,3,-50,928,,,,
61,G2801B602000615EA11509F9,34 00,5,-49,906.5,,,,
62,G2801B602000616EA11509F9,34 00,5,-51,924,,,,
63,G2801B602000717EA11509F9,34 00,4,-54,922,,,,
64,G2801B602000718EA11509F9,34 00,5,-53,920,,,,
65,G2801B602000619EA11509F9,34 00,4,-49,916,,,,
66,G2801B60200061AEA11509F9,34 00,6,-56,922.5,,,,
67,G2801B60200071BEA11509F9,34 00,3,-48,925.5,,,,
68,G2801B60200061CEA11509F9,34 00,2,-49,925,,,,
69,G2801B60200071DEA11509F9,34 00,4,-43,922,,,,
70,G2801B60200071EEA11509F9,34 00,10,-51,922.5,,,,
71,G2801B60200061FEA11509F9,34 00,3,-47,913.5,,,,
72,G2801B602000630EA11709F9,34 00,7,-39,910.5,,,,
73,G2801B602000731EA11709F9,34 00,4,-53,923.5,,,,
74,G2801B602000732EA11709F9,34 00,3,-49,913,,,,
75,G2801B602000633EA11709F9,34 00,4,-45,902.5,,,,
76,G2801B602000734EA11709F9,34 00,3,-49,919,,,,
77,G2801B602000635EA11709F9,34 00,3,-53,921.5,,,,
78,G2801B602000636EA11709F9,34 00,10,-46,921,,,,
79,G2801B602000737EA11709F9,34 00,4,-44,912.5,,,,
80,G2801B602000738EA11709F9,34 00,4,-49,927,,,,
81,G2801B602000639EA11709F9,34 00,2,-49,916,,,,
82,G2801B60200063AEA11709F9,34 00,5,-39,911.5,,,,
83,G2801B60200073BEA11709F9,34 00,3,-44,927,,,,
84,G2801B60200063CEA11709F9,34 00,2,-40,921,,,,
85,G2801B60200073DEA11709F9,34 00,4,-47,926,,,,
86,G2801B60200073EEA11709F9,34 00,2,-40,904,,,,
87,G2801B60200063FEA11709F9,34 00,26,-54,915.5,,,,
88,G2801B602000750EA11A09F9,34 00,1,-48,915.5,,,,
89,G2801B602000651EA11A09F9,34 00,3,-50,925.5,,,,
90,G2801B602000652EA11A09F9,34 00,1,-45,916.5,,,,
91,G2801B602000753EA11A09F9,34 00,3,-45,904,,,,
92,G2801B602000654EA11A09F9,34 00,2,-48,919,,,,
93,G2801B602000755EA11A09F9,34 00,2,-43,908,,,,
94,G2801B602000756EA11A09F9,34 00,4,-47,924.5,,,,
95,G2801B602000657EA11A09F9,34 00,2,-52,919,,,,
96,G2801B602000658EA11A09F9,34 00,3,-48,911,,,,
97,G2801B602000759EA11A09F9,34 00,5,-55,913,,,,
98,G2801B60200075AEA11A09F9,34 00,4,-49,922, ,,,
99,G2801B60200065BEA11A09F9,34 00,3,-49,918,,,,
100,G2801B60200075CEA11A09F9,34 00,3,-45,906,,,,
101,G2801B60200065DEA11A09F9,34 00,10,-57,908.5,,,,
102,G2801B60200065EEA11A09F9,34 00,7,-59,907,,,,
103,G2801B602000710EA12109F9,34 00,8,-57,926,,,,
104,G2801B602000611EA12109F9,34 00,60,-61,913,,,,
105,G2801B602000612EA12109F9,34 00,4,-55,908,,,,
106,G2801B602000713EA12109F9,34 00,16,-55,925.5,,,,
107,G2801B602000614EA12109F9,34 00,14,-55,916.5,,,,
108,G2801B602000715EA12109F9,34 00,9,-57,917,,,,
109,G2801B602000716EA12109F9,34 00,5,-44,911,,,,
110,G2801B602000617EA12109F9,34 00,9,-55,907,,,,
111,G2801B602000618EA12109F9,34 00,8,-54,924,,,,
112,G2801B602000719EA12109F9,34 00,7,-52,915,,,,
113,G2801B60200071AEA12109F9,34 00,198,-57,911.5,,,,
114,G2801B60200061BEA12109F9,34 00,9,-58,903.5,,,,
115,G2801B60200071CEA12109F9,34 00,24,-61,903,,,,
116,G2801B60200061DEA12109F9,34 00,6,-59,919.5,,,,
117,G2801B60200061EEA12109F9,34 00,6,-47,908,,,,
118,G2801B60200071FEA12109F9,34 00,8,-58,903.5,,,,
119,G2801B602000730EA12309F9,34 00,3,-51,917,,,,
120,G2801B602000631EA12309F9,34 00,4,-54,902.5,,,,
121,G2801B602000632EA12309F9,34 00,9,-58,904.5,,,,
122,G2801B602000733EA12309F9,34 00,6,-55,927.5,,,,
123,G2801B602000634EA12309F9,34 00,39,-49,925,,,,
124,G2801B602000735EA12309F9,34 00,7,-60,907,,,,
125,G2801B602000736EA12309F9,34 00,8,-54,907.5,,,,
126,G2801B602000637EA12309F9,34 00,124,-53,913.5,,,,
127,G2801B602000638EA12309F9,34 00,7,-46,925.5,,,,
128,G2801B602000739EA12309F9,34 00,10,-53,903,,,,
129,G2801B60200073AEA12309F9,34 00,20,-46,902.5,,,,
130,G2801B60200063BEA12309F9,34 00,11,-47,927,,,,
131,G2801B60200073CEA12309F9,34 00,41,-54,916.5,,,,
132,G2801B60200063DEA12309F9,34 00,108,-49,919.5,,,,
133,G2801B60200063EEA12309F9,34 00,33,-49,904.5,,,,
134,G2801B60200073FEA12309F9,34 00,14,-52,907,,,,
135,G2801B602000750EA12609F9,34 00,27,-52,922.5,,,,
136,G2801B602000651EA12609F9,34 00,91,-57,925,,,,
137,G2801B602000652EA12609F9,34 00,24,-50,915.5,,,,
138,G2801B602000753EA12609F9,34 00,13,-58,924.5,,,,
139,G2801B602000654EA12609F9,34 00,4,-59,917,,,,
140,G2801B602000755EA12609F9,34 00,15,-57,906.5,,,,
141,G2801B602000756EA12609F9,34 00,3,-52,921,,,,
142,G2801B602000657EA12609F9,34 00,2,-47,917,,,,
143,G2801B602000658EA12609F9,34 00,2,-50,910,,,,
144,G2801B602000759EA12609F9,34 00,3,-47,902.5,,,,
145,G2801B60200075AEA12609F9,34 00,4,-53,903.5,,,,
146,G2801B60200065BEA12609F9,34 00,3,-48,923.5,,,,
147,G2801B60200075CEA12609F9,34 00,4,-56,922.5,,,,
148,G2801B60200065DEA12609F9,34 00,5,-49,915,,,,
149,G2801B60200065EEA12609F9,34 00,6,-55,908.5,,,,
150,G2801B602000710EA12D09F9,34 00,3,-48,928,,,,
151,G2801B602000611EA12D09F9,34 00,4,-56,904.5,,,,
152,G2801B602000612EA12D09F9,34 00,3,-54,904.5,,,,
153,G2801B602000713EA12D09F9,34 00,4,-56,922.5,,,,
154,G2801B602000614EA12D09F9,34 00,4,-53,918.5,,,,
155,G2801B602000715EA12D09F9,34 00,4,-57,911.5,,,,
156,G2801B602000716EA12D09F9,34 00,4,-45,927,,,,
157,G2801B602000617EA12D09F9,34 00,3,-56,919,,,,
158,G2801B602000618EA12D09F9,34 00,3,-55,914.5,,,,
159,G2801B602000719EA12D09F9,34 00,2,-48,904,,,,
160,G2801B60200071AEA12D09F9,34 00,3,-50,928,,,,
161,G2801B60200061BEA12D09F9,34 00,5,-49,906.5,,,,
162,G2801B60200071CEA12D09F9,34 00,5,-51,924,,,,
163,G2801B60200061DEA12D09F9,34 00,4,-54,922,,,,
164,G2801B60200061EEA12D09F9,34 00,5,-53,920,,,,
165,G2801B60200071FEA12D09F9,34 00,4,-49,916,,,,
166,G2801B602000630EA12D09F9,34 00,6,-56,922.5,,,,
167,G2801B602000731EA12D09F9,34 00,3,-48,925.5,,,,
168,G2801B602000732EA12D09F9,34 00,2,-49,925,,,,
169,G2801B602000633EA12D09F9,34 00,4,-43,922,,,,
170,G2801B602000734EA12D09F9,34 00,10,-51,922.5,,,,
171,G2801B602000635EA12D09F9,34 00,3,-47,913.5,,,,
172,G2801B602000636EA12D09F9,34 00,7,-39,910.5,,,,
173,G2801B602000737EA12D09F9,34 00,4,-53,923.5,,,,
174,G2801B602000738EA12D09F9,34 00,3,-49,913,,,,
175,G2801B602000639EA12D09F9,34 00,4,-45,902.5,,,,
176,G2801B602000738DA12D09F9,34 00,3,-49,919,,,,
177,G2801B602000737DA12D09F9,34 00,3,-53,921.5,,,,
178,G2801B602000636DA12D09F9,34 00,10,-46,921,,,,
179,G2801B602000635DA12D09F9,34 00,4,-44,912.5,,,,
180,G2801B602000734DA12D09F9,34 00,4,-49,927,,,,
181,G2801B602000633DA12D09F9,34 00,2,-49,916,,,,
182,G2801B602000732DA12D09F9,34 00,5,-39,911.5,,,,
183,G2801B602000731DA12D09F9,34 00,3,-44,927,,,,
184,G2801B602000630DA12D09F9,34 00,2,-40,921,,,,
185,G2801B60200071FDA12D09F9,34 00,4,-47,926,,,,
186,G2801B60200061EDA12D09F9,34 00,2,-40,904,,,,
187,G2801B60200061DDA12D09F9,34 00,26,-54,915.5,,,,
188,G2801B60200071CDA12D09F9,34 00,1,-48,915.5,,,,
189,G2801B60200061BDA12D09F9,34 00,3,-50,925.5,,,,
190,G2801B60200071ADA12D09F9,34 00,1,-45,916.5,,,,
191,G2801B602000719DA12D09F9,34 00,3,-45,904,,,,
192,G2801B602000618DA12D09F9,34 00,2,-48,919,,,,
193,G2801B602000617DA12D09F9,34 00,2,-43,908,,,,
194,G2801B602000716DA12D09F9,34 00,4,-47,924.5,,,,
195,G2801B602000715DA12D09F9,34 00,2,-52,919,,,,
196,G2801B602000614DA12D09F9,34 00,3,-48,911,,,,
197,G2801B602000713DA12D09F9,34 00,5,-55,913,,,,
198,G2801B602000612DA12D09F9,34 00,4,-49,922,,,,
199,G2801B602000611DA12D09F9,34 00,3,-49,918,,,,
200,G2801B602000710DA12D09F9,34 00,3,-45,906,,,,
201,G2801B60200065EDA12609F9,34 00,10,-57,908.5,,,,
202,G2801B60200065DDA12609F9,34 00,7,-59,907,,,,
203,G2801B60200075CDA12609F9,34 00,8,-57,926,,,,
204,G2801B60200065BDA12609F9,34 00,60,-61,913,,,,
205,G2801B60200075ADA12609F9,34 00,4,-55,908,,,,
206,G2801B602000759DA12609F9,34 00,16,-55,925.5,,,,
207,G2801B602000658DA12609F9,34 00,14,-55,916.5,,,,
208,G2801B602000657DA12609F9,34 00,9,-57,917,,,,
209,G2801B602000756DA12609F9,34 00,5,-44,911,,,,
210,G2801B602000755DA12609F9,34 00,9,-55,907,,,,
211,G2801B602000654DA12609F9,34 00,8,-54,924,,,,
212,G2801B602000753DA12609F9,34 00,7,-52,915,,,,
213,G2801B602000652DA12609F9,34 00,198,-57,911.5,,,,
214,G2801B602000651DA12609F9,34 00,9,-58,903.5,,,,
215,G2801B602000750DA12609F9,34 00,24,-61,903,,,,
216,G2801B60200073FDA12309F9,34 00,6,-59,919.5,,,,
217,G2801B60200063EDA12309F9,34 00,6,-47,908,,,,
218,G2801B60200063DDA12309F9,34 00,8,-58,903.5,,,,
219,G2801B60200073CDA12309F9,34 00,3,-51,917,,,,
220,G2801B60200063BDA12309F9,34 00,4,-54,902.5,,,,
221,G2801B60200073ADA12309F9,34 00,9,-58,904.5,,,,
222,G2801B602000739DA12309F9,34 00,6,-55,927.5,,,,
223,G2801B602000638DA12309F9,34 00,39,-49,925,,,,
224,G2801B602000637DA12309F9,34 00,7,-60,907,,,,
225,G2801B602000736DA12309F9,34 00,8,-54,907.5,,,,
226,G2801B602000735DA12309F9,34 00,124,-53,913.5,,,,
227,G2801B602000634DA12309F9,34 00,7,-46,925.5,,,,
228,G2801B602000733DA12309F9,34 00,10,-53,903,,,,
229,G2801B602000632DA12309F9,34 00,20,-46,902.5,,,,
230,G2801B602000631DA12309F9,34 00,11,-47,927,,,,
231,G2801B602000730DA12309F9,34 00,41,-54,916.5,,,,
232,G2801B60200071FDA12109F9,34 00,108,-49,919.5,,,,
233,G2801B60200061EDA12109F9,34 00,33,-49,904.5,,,,
234,G2801B60200061DDA12109F9,34 00,14,-52,907,,,,
235,G2801B60200071CDA12109F9,34 00,27,-52,922.5,,,,
236,G2801B60200061BDA12109F9,34 00,91,-57,925,,,,
237,G2801B60200071ADA12109F9,34 00,24,-50,915.5,,,,
238,G2801B602000719DA12109F9,34 00,13,-58,924.5,,,,
239,G2801B602000618DA12109F9,34 00,4,-59,917,,,,
240,G2801B602000617DA12109F9,34 00,15,-57,906.5,,,,
241,G2801B602000716DA12109F9,34 00,3,-52,921,,,,
242,G2801B602000715DA12109F9,34 00,2,-47,917,,,,
243,G2801B602000614DA12109F9,34 00,2,-50,910,,,,
244,G2801B602000713DA12109F9,34 00,3,-47,902.5,,,,
245,G2801B602000612DA12109F9,34 00,4,-53,903.5,,,,
246,G2801B602000611DA12109F9,34 00,3,-48,923.5,,,,
247,G2801B602000710DA12109F9,34 00,4,-56,922.5,,,,
248,G2801B60200065EDA11A09F9,34 00,5,-49,915,,,,
249,G2801B60200065DDA11A09F9,34 00,6,-55,908.5,,,,
250,G2801B60200075CDA11A09F9,34 00,3,-48,928,,,,
251,G2801B60200065BDA11A09F9,34 00,4,-56,904.5,,,,
252,G2801B60200075ADA11A09F9,34 00,3,-54,904.5,,,,
253,G2801B602000759DA11A09F9,34 00,4,-56,922.5,,,,
254,G2801B602000658DA11A09F9,34 00,4,-53,918.5,,,,
255,G2801B602000657DA11A09F9,34 00,4,-57,911.5,,,,
256,G2801B602000756DA11A09F9,34 00,4,-45,927,,,,
257,G2801B602000755DA11A09F9,34 00,3,-56,919,,,,
258,G2801B602000654DA11A09F9,34 00,3,-55,914.5,,,,
259,G2801B602000753DA11A09F9,34 00,2,-48,904,,,,
260,G2801B602000652DA11A09F9,34 00,3,-50,928,,,,
261,G2801B602000651DA11A09F9,34 00,5,-49,906.5,,,,
262,G2801B602000750DA11A09F9,34 00,5,-51,924,,,,
263,G2801B60200063FDA11709F9,34 00,4,-54,922,,,,
264,G2801B60200073EDA11709F9,34 00,5,-53,920,,,,
265,G2801B60200073DDA11709F9,34 00,4,-49,916,,,,
266,G2801B60200063CDA11709F9,34 00,6,-56,922.5,,,,
267,G2801B60200073BDA11709F9,34 00,3,-48,925.5,,,,
268,G2801B60200063ADA11709F9,34 00,2,-49,925,,,,
269,G2801B602000639DA11709F9,34 00,4,-43,922,,,,
270,G2801B602000738DA11709F9,34 00,10,-51,922.5,,,,
271,G2801B602000737DA11709F9,34 00,3,-47,913.5,,,,
272,G2801B602000636DA11709F9,34 00,7,-39,910.5,,,,
273,G2801B602000635DA11709F9,34 00,4,-53,923.5,,,,
274,G2801B602000734DA11709F9,34 00,3,-49,913,,,,
275,G2801B602000633DA11709F9,34 00,4,-45,902.5,,,,
276,G2801B602000732DA11709F9,34 00,3,-49,919,,,,
277,G2801B602000731DA11709F9,34 00,3,-53,921.5,,,,
278,G2801B602000630DA11709F9,34 00,10,-46,921,,,,
279,G2801B60200061FDA11509F9,34 00,4,-44,912.5,,,,
280,G2801B60200071EDA11509F9,34 00,4,-49,927,,,,
281,G2801B60200071DDA11509F9,34 00,2,-49,916,,,,
282,G2801B60200061CDA11509F9,34 00,5,-39,911.5,,,,
283,G2801B60200071BDA11509F9,34 00,3,-44,927,,,,
284,G2801B60200061ADA11509F9,34 00,2,-40,921,,,,
285,G2801B602000619DA11509F9,34 00,4,-47,926,,,,
286,G2801B602000718DA11509F9,34 00,2,-40,904,,,,
287,G2801B602000717DA11509F9,34 00,26,-54,915.5,,,,
288,G2801B602000616DA11509F9,34 00,1,-48,915.5,,,,
289,G2801B602000615DA11509F9,34 00,3,-50,925.5,,,,
290,G2801B602000714DA11509F9,34 00,1,-45,916.5,,,,
291,G2801B602000613DA11509F9,34 00,3,-45,904,,,,
292,G2801B602000712DA11509F9,34 00,2,-48,919,,,,
293,G2801B602000711DA11509F9,34 00,2,-43,908,,,,
294,G2801B602000610DA11509F9,34 00,4,-47,924.5,,,,
295,G2801B60200065EDA10D09F9,34 00,2,-52,919,,,,
296,G2801B60200065DDA10D09F9,34 00,3,-48,911,,,,
297,G2801B60200075CDA10D09F9,34 00,5,-55,913,,,,
298,G2801B60200065BDA10D09F9,34 00,4,-49,922,,,,
299,G2801B60200075ADA10D09F9,34 00,3,-49,918,,,,
300,G2801B602000759DA10D09F9,34 00,3,-45,906,,,,
301,G2801B602000658DA10D09F9,34 00,3,-45,906,,,,
